gj
127 85
135 94
126 97
130 87
121 103
129 89
125 82
128 85
125 83
121 88

jhb
137 79
134 78
132 84
135 77
140 81
130 74
132 81
130 71
127 70
130 81

lyy
112 70
97 66
112 67
104 72
106 75
100 62
99 63
100 71
102 74
97 73

mly
112 68
113 71
111 72
108 71
111 66
113 61
110 73
116 75
118 74
112 68

mwy
117 77
120 76
118 78
118 74
121 73
125 77
120 70
115 79
116 73
114 65

rjw
123 86
123 71
122 83
116 75
121 77
121 80
102 85
116 78
120 74
117 70

wjx
97 65
94 62
100 67
93 55
97 56
90 63
96 61
96 59
93 60
91 67

wqw
98 69
85 62
87 67
106 67
92 65
84 60
102 59
83 51
98 73
88 46

wxe
137 88
130 76
136 80
132 88
131 81
135 77
134 87
134 78
141 86
141 92

yz
112 65
118 65
111 62
112 59
114 65
117 66
107 62
110 68
112 73
107 68

zy
130 89
129 94
128 83
132 90
134 84
135 77
128 91
135 88
127 90
129 92